              precision    recall  f1-score   support

           A       0.94      0.96      0.95       800
           B       0.99      0.97      0.98       800
           C       0.97      0.98      0.98       800
           D       0.97      0.96      0.96       800
           E       0.98      0.98      0.98       800
           F       0.99      0.97      0.98       800
           G       0.93      0.83      0.88       800
           H       0.97      0.96      0.96       800
           I       0.75      0.77      0.76       800
           J       0.97      0.96      0.96       800
           K       0.99      0.98      0.98       800
           L       0.76      0.77      0.76       800
           M       0.98      0.99      0.99       800
           N       0.95      0.97      0.96       800
           O       0.96      0.98      0.97       800
           P       0.98      0.98      0.98       800
           Q       0.87      0.91      0.89       800
           R       0.97      0.97      0.97       800
           S       0.99      0.99      0.99       800
           T       0.96      0.98      0.97       800
           U       0.95      0.95      0.95       800
           V       0.94      0.95      0.94       800
           W       0.99      0.98      0.99       800
           X       0.98      0.98      0.98       800
           Y       0.97      0.96      0.96       800
           Z       0.99      0.99      0.99       800

    accuracy                           0.95     20800
   macro avg       0.95      0.95      0.95     20800
weighted avg       0.95      0.95      0.95     20800
